-29.416666666666668
-16.666666666666668
-35.416666666666664
-13.75
-43.333333333333336
-45.0
-19.916666666666668
-30.833333333333332
-6.666666666666667
-19.166666666666668
-35.916666666666664
-23.333333333333332
-23.333333333333332
-30.833333333333332
-41.166666666666664
-18.75
-24.166666666666668
-18.333333333333332
-35.916666666666664
-7.916666666666667
-42.0
-3.3333333333333335
-27.083333333333332
-36.25
-41.166666666666664
-12.083333333333334
-50.833333333333336
-37.916666666666664
-7.416666666666667
-49.916666666666664
-9.166666666666666
-9.25
-34.416666666666664
-21.666666666666668
-15.833333333333334
-16.666666666666668
-45.416666666666664
-4.583333333333333
-24.583333333333332
-9.583333333333334
-41.666666666666664
-21.25
-40.0
-7.083333333333333
-34.583333333333336
-26.666666666666668
-45.0
-34.083333333333336
-31.083333333333332
-40.416666666666664
-16.0
-17.916666666666668
-50.0
-11.666666666666666
-19.583333333333332
-20.333333333333332
-9.583333333333334
-23.75
-30.833333333333332
-31.416666666666668
-18.333333333333332
-12.083333333333334
-25.833333333333332
-26.25
-17.916666666666668
-38.083333333333336
0.0
-24.166666666666668
-24.166666666666668
-30.0
-11.416666666666666
-18.75
-27.916666666666668
-7.083333333333333
-23.75
-21.916666666666668
-17.5
-32.833333333333336
-63.416666666666664
-6.25
-27.75
-3.3333333333333335
-11.25
-52.083333333333336
-49.833333333333336
-50.416666666666664
-10.833333333333334
-33.583333333333336
-23.25
-12.166666666666666
-12.083333333333334
-29.583333333333332
-35.0
-20.833333333333332
-14.166666666666666
-12.916666666666666
-10.0
-56.25
-31.416666666666668
-41.5
-55.166666666666664
-23.333333333333332
-27.5
-44.166666666666664
-24.583333333333332
-16.583333333333332
-18.25
-36.666666666666664
-24.583333333333332
-30.416666666666668
-37.5
-42.083333333333336
-14.583333333333334
-26.25
